feu;
1;
1;
22;22;
----------------------------------;
1;1;1;1;1;1;1;8;8;8;2;2;2;2;2;4;4;4;4;4;4;4;
1;1;1;1;1;1;8;8;8;8;2;2;2;2;2;4;6;6;6;6;6;4;
1;1;1;1;1;1;8;8;8;8;8;2;2;2;2;4;6;6;6;6;6;4;
1;1;1;1;1;1;8;8;8;8;2;2;2;2;2;4;6;6;6;6;6;4;
1;4;4;4;4;4;4;4;4;4;8;2;2;2;2;4;6;6;6;6;6;4;
4;6;6;6;6;6;6;6;4;1;8;4;4;4;4;4;6;6;6;6;6;4;
1;4;6;6;6;6;6;6;6;4;1;4;2;2;2;4;6;6;6;6;6;4;
4;6;6;6;6;6;6;6;4;4;4;8;8;2;2;4;6;6;6;6;6;4;
1;4;6;6;6;6;6;6;6;4;1;1;1;8;2;4;6;6;6;6;6;4;
4;6;6;6;6;6;6;6;4;1;1;1;1;8;2;4;6;6;6;6;6;4;
1;4;6;6;6;6;6;6;6;4;1;1;1;1;8;4;6;6;6;6;6;4;
4;6;6;6;6;6;6;6;4;4;4;4;4;4;4;4;4;4;4;4;4;4;
1;4;6;6;6;6;6;6;6;4;1;1;1;1;1;8;8;8;2;2;2;2;
4;6;6;6;6;6;6;6;4;1;1;1;1;1;1;1;1;8;2;2;2;2;
1;4;4;4;4;4;4;4;4;4;1;1;1;1;1;1;1;1;8;8;8;8;
1;1;1;1;1;1;1;1;1;7;7;7;7;7;1;1;1;1;1;1;1;1;
1;1;1;1;1;1;1;1;7;1;1;1;1;1;1;7;1;1;1;1;1;1;
1;1;1;1;1;1;1;7;1;1;7;7;7;1;1;7;1;1;1;1;1;1;
1;1;1;1;1;1;1;7;1;7;1;1;1;1;7;1;7;1;1;1;1;1;
1;1;1;1;1;1;7;1;7;1;1;7;1;1;7;1;7;1;1;1;1;1;
1;1;1;1;1;1;7;1;7;1;7;1;1;7;1;7;1;7;1;1;1;1;
1;1;1;1;1;1;1;1;1;1;1;1;1;1;1;1;1;1;1;1;1;1;
0;0;0;1-90;
0;11;21;1-10;
1;11;21;1-10;
3;10;21;1-10;
6;9;21;1-10;
8;11;20;1-10;
8;9;20;1-10;
9;12;20;1-10;
9;8;21;1-10;
10;10;19;1-10;
10;9;19;1-10;
11;7;21;1-10;
12;11;21;0;
12;10;18;1-10;
13;11;18;1-10;
14;10;21;0;
15;12;19;1-10;
15;7;20;1-10;
15;9;17;1-10;
15;21;0;4-71;
16;6;21;1-10;
16;21;0;4;
16;21;2;4-71;
17;9;21;0;
17;13;18;1-10;
17;10;16;1-10;
17;8;17;1-10;
17;21;2;4;
17;21;4;4-71;
18;7;19;1-10;
18;9;16;1-10;
18;5;21;1-10;
18;21;4;4;
18;21;6;4-71;
19;11;20;0;
19;9;20;0;
19;12;18;1-10;
19;21;6;4;
19;21;8;4-71;
20;12;20;0;
20;8;21;0;
20;13;17;1-10;
20;8;15;1-10;
20;21;8;4;
20;12;11;4-71;
20;21;0;4-71;
21;10;19;0;
21;9;19;0;
21;8;18;1-10;
21;12;11;4;
21;8;14;4-71;
21;21;0;4;
21;21;2;4-71;
22;7;21;0;
22;13;19;1-10;
22;11;16;1-10;
22;7;15;1-10;
22;21;2;4;
22;21;4;4-71;
23;10;18;0;
23;5;20;1-10;
23;8;14;4-10-71;
23;21;4;4;
23;21;6;4-71;
24;11;18;0;
24;13;16;1-10;
24;9;14;4-10;
24;7;14;4-10;
24;6;15;1-10;
24;8;14;4-9-71;
24;21;6;4;
24;21;8;4-71;
25;4;21;1-10;
25;8;14;4-9;
25;9;14;4-10-71;
25;21;8;4;
25;12;11;4-71;
25;21;0;4-71;
26;12;19;0;
26;7;20;0;
26;9;17;0;
26;5;19;1-10;
26;6;13;6-10;
26;7;13;6-10;
26;6;14;4-10;
26;7;16;1-10;
26;5;15;1-10;
26;12;11;4;
26;7;14;4-10-71;
26;21;0;4;
26;21;2;4-71;
27;6;21;0;
27;4;20;1-10;
27;21;2;4;
27;21;4;4-71;
28;13;18;0;
28;10;16;0;
28;8;17;0;
28;4;19;1-10;
28;12;16;1-10;
28;8;13;4-10;
28;9;13;1-10;
28;3;21;1-10;
28;6;12;6-10;
28;5;13;6-10;
28;8;12;6-10;
28;6;16;1-10;
28;9;14;4-9-71;
28;21;4;4;
28;21;6;4-71;
29;7;19;0;
29;9;16;0;
29;5;21;0;
29;5;18;1-10;
29;6;18;1-10;
29;7;12;6-10;
29;9;14;4-9;
29;8;13;4-10-71;
29;7;14;4-9-71;
29;21;6;4;
29;21;8;4-71;
30;12;18;0;
30;5;16;1-10;
30;9;12;4-10;
30;10;12;1-10;
30;5;11;6-10;
30;5;12;6-10;
30;4;13;6-10;
30;7;11;6-10;
30;7;14;4-9;
30;6;14;4-10-71;
30;21;8;4;
30;12;11;4-71;
30;21;0;4-71;
30;15;15;1-81;
30;4;8;6-81;
31;13;17;0;
31;8;15;0;
31;3;19;1-10;
31;4;18;1-10;
31;4;17;1-10;
31;5;17;1-10;
31;12;11;4;
31;9;11;4-10-71;
31;21;0;4;
31;16;1;6-71;
31;15;15;1;
31;13;16;1-10-81;
31;4;8;6;
31;6;10;6-10-81;
32;8;18;0;
32;5;14;4-10;
32;3;20;1-10;
32;6;11;6-10;
32;9;11;4-10-71;
32;6;10;6-10-81;
32;4;12;6-10;
32;4;14;4-10;
32;7;10;6-10;
32;8;10;6-10;
32;8;13;4-9-71;
32;16;1;6;
32;13;11;4-71;
33;13;19;0;
33;11;16;0;
33;7;15;0;
33;6;14;0;
33;4;15;1-10;
33;8;11;4-10;
33;10;11;4-10-71;
33;3;18;1-10;
33;3;17;1-10;
33;8;13;4-9;
33;9;12;4-10-71;
33;6;14;0;
33;5;14;4-10-71;
33;13;11;4;
33;10;11;4-10-71;
33;13;16;1-10;
33;15;12;8-81;
33;6;10;6-10;
33;6;3;8-81;
34;5;20;0;
34;6;17;1-10;
34;5;10;6-10;
34;4;11;6-10;
34;4;16;1-10;
34;5;9;6-10;
34;3;14;4-10;
34;6;9;6-10;
34;7;9;6-10;
34;8;9;4-10;
34;9;11;4-9-71;
35;13;16;0;
35;6;15;0;
35;6;13;0;
35;7;13;0;
35;3;11;6-10;
35;3;13;6-10;
35;9;10;4-10-71;
35;2;17;1-10;
35;9;11;4-9;
35;9;10;4-10-71;
35;15;12;8;
35;10;11;4-10-71-81;
35;6;3;8;
35;7;8;6-10-81;
35;21;0;4-71;
36;4;21;0;
36;10;13;1-10;
36;3;12;6-10;
36;3;15;1-10;
36;10;10;1-10-81;
36;4;9;6-10;
36;4;10;6-10;
36;5;8;6-10;
36;2;13;6-10;
36;7;8;6-10-81;
36;9;12;4-9-71;
36;5;14;4-9-71;
36;10;11;4-9-71;
36;21;0;4;
36;16;1;6-71;
36;10;11;4-9-71;
36;10;10;1-10-81;
37;5;19;0;
37;7;16;0;
37;5;15;0;
37;6;12;0;
37;5;13;0;
37;8;12;0;
37;2;19;1-10;
37;3;16;1-10;
37;6;8;6-10;
37;8;8;6-10;
37;3;10;6-10;
37;9;9;1-10;
37;9;12;4-9;
37;8;11;4-10-71;
37;5;14;4-9;
37;4;14;4-10-71;
37;10;11;4-9;
37;9;10;4-10-72;
37;16;1;6;
37;9;8;4-71;
37;7;8;6-10;
37;6;3;8-81;
38;4;20;0;
38;7;12;0;
38;2;11;6-10;
38;1;17;1-10;
38;11;12;1-10;
38;10;9;1-10;
38;4;8;6-10;
38;3;9;6-10;
38;4;7;6-10;
38;7;7;6-10;
38;9;10;4-9-71;
38;9;10;4-9-71;
38;8;9;4-10-72;
38;9;8;4;
38;8;9;4-10-72;
38;10;10;1-10;
38;11;7;8-81;
39;4;19;0;
39;12;16;0;
39;9;13;0;
39;3;21;0;
39;6;16;0;
39;5;11;0;
39;5;12;0;
39;4;13;0;
39;7;11;0;
39;4;14;0;
39;2;18;1-10;
39;1;13;6-10;
39;6;7;6-10;
39;2;9;6-10;
39;2;10;6-10;
39;4;14;0;
39;3;14;4-10-71;
39;9;10;4-9;
39;8;9;4-10-73;
39;6;3;8;
39;7;6;6-10-81;
40;5;18;0;
40;6;18;0;
40;8;11;0;
40;9;8;4-10-72;
40;2;16;1-10;
40;11;13;1-10;
40;2;12;6-10;
40;5;7;6-10;
40;2;15;1-10;
40;8;7;4-10;
40;1;16;1-10;
40;3;7;6-10;
40;3;8;6-10;
40;5;6;6-10;
40;7;6;6-10-81;
40;8;11;0;
40;8;9;4-9-72;
40;8;9;4-9-72;
40;8;9;4-9-72;
40;9;8;4-10-72;
40;8;9;4-9-72;
40;9;8;4-10-72;
40;11;7;8;
40;10;9;1-10-81;
40;21;0;4-71;
41;5;16;0;
41;10;12;0;
41;6;11;0;
41;6;10;0;
41;4;12;0;
41;7;10;0;
41;8;10;0;
41;3;14;0;
41;0;17;1-10;
41;11;11;4-10;
41;11;10;1-10;
41;8;6;6-10;
41;1;9;6-10;
41;1;10;4-10;
41;8;9;4-9;
41;9;8;4-10-74;
41;3;14;0;
41;2;14;4-10-71;
41;8;9;4-9;
41;9;8;4-10-74;
41;21;0;4;
41;16;1;6-71;
41;7;6;6-10;
41;6;3;8-81;
42;3;19;0;
42;4;18;0;
42;4;17;0;
42;5;17;0;
42;10;14;1-10;
42;10;8;1-10;
42;11;8;1-10;
42;4;6;6-10;
42;1;12;4-10;
42;0;13;4-10;
42;2;8;6-10;
42;1;15;1-10;
42;1;11;6-10;
42;2;14;4-10-71;
42;9;6;4-10-71;
42;2;7;6-10;
42;5;5;6-10;
42;6;5;6-10;
42;7;5;6-10;
42;9;8;4-9-71;
42;9;8;4-9-71;
42;8;7;4-10-73;
42;9;8;4-9-71;
42;8;7;4-10-73;
42;9;8;4-9-71;
42;8;7;4-10-73;
42;16;1;6;
42;9;6;4-10-71;
42;10;9;1-10;
42;11;7;8-81;
43;3;20;0;
43;5;10;0;
43;4;11;0;
43;5;9;0;
43;6;9;0;
43;7;9;0;
43;1;18;1-10;
43;12;12;1-10;
43;6;6;6-10;
43;0;15;1-10;
43;0;16;1-10;
43;3;6;6-10;
43;11;9;1-10;
43;8;5;4-10;
43;1;8;4-10;
43;0;9;4-10;
43;0;11;4-10;
43;9;8;4-9;
43;8;7;4-9-74;
43;8;7;4-9-74;
43;6;3;8;
43;7;4;4-10-81;
44;4;15;0;
44;3;18;0;
44;3;17;0;
44;3;11;0;
44;3;13;0;
44;2;20;1-10;
44;0;10;1-10;
44;3;5;6-10;
44;4;5;6-10;
44;1;7;6-10;
44;1;14;4-10;
44;2;6;6-10;
44;5;4;4-10;
44;6;4;4-10;
44;7;4;4-10-81;
44;8;7;4-9;
44;9;6;4-10-75;
44;2;14;4-9-71;
44;8;7;4-9;
44;9;6;4-10-75;
44;8;7;4-9;
44;9;6;4-10-75;
44;8;7;4-9;
44;9;6;4-10-75;
44;11;7;8;
44;11;8;1-10-81;
45;6;17;0;
45;4;16;0;
45;3;12;0;
45;4;9;0;
45;4;10;0;
45;5;8;0;
45;2;13;0;
45;7;8;0;
45;12;13;1-10;
45;0;12;1-10;
45;0;18;1-10;
45;12;11;4-10;
45;0;14;1-10;
45;2;5;6-10;
45;0;8;1-10;
45;9;6;4-9-71;
45;2;14;4-9;
45;1;14;4-10-71;
45;9;6;4-9-71;
45;8;5;4-10-74;
45;9;6;4-9-71;
45;8;5;4-10-74;
45;9;6;4-9-71;
45;8;5;4-10-74;
45;9;6;4-9-71;
45;8;5;4-10-74;
45;7;4;4-10;
45;6;3;8-81;
45;21;0;4-71;
46;2;17;0;
46;6;8;0;
46;8;8;0;
46;3;10;0;
46;10;7;4-10;
46;8;4;4-10-71;
46;12;8;1-10;
46;0;7;4-10;
46;1;19;1-10;
46;4;4;4-10;
46;1;6;4-10;
46;1;5;6-10;
46;9;6;4-9;
46;8;5;4-9-74;
46;8;5;4-9-74;
46;8;5;4-9-74;
46;8;4;4-10-71;
46;21;0;4;
46;16;1;6-71;
46;11;8;1-10;
46;11;7;8-81;
47;10;13;0;
47;3;15;0;
47;10;10;0;
47;2;11;0;
47;4;8;0;
47;3;9;0;
47;4;7;0;
47;7;7;0;
47;12;10;1-10;
47;11;14;1-10;
47;1;20;1-10;
47;3;4;4-10;
47;5;3;1-10;
47;13;12;1-10;
47;13;13;1-10;
47;2;4;4-10;
47;8;5;4-9;
47;8;4;4-10-75;
47;8;5;4-9;
47;8;4;4-10-75;
47;8;5;4-9;
47;8;4;4-10-75;
47;8;5;4-9;
47;8;4;4-10-75;
47;16;1;6;
47;10;7;4-10-71;
47;6;3;8;
47;7;4;4-10-81;
48;2;19;0;
48;3;16;0;
48;9;9;0;
48;1;13;0;
48;6;7;0;
48;2;9;0;
48;2;10;0;
48;11;11;0;
48;1;10;0;
48;9;7;4-10;
48;4;3;1-10;
48;0;5;4-10;
48;1;14;4-9-71;
48;8;4;4-9-72;
48;8;4;4-9-72;
48;9;4;4-10-73;
48;8;4;4-9-72;
48;9;4;4-10-73;
48;8;4;4-9-72;
48;9;4;4-10-73;
48;11;7;8;
48;11;6;4-10-81;
48;7;4;4-9-81;
49;1;17;0;
49;11;12;0;
49;10;9;0;
49;2;12;0;
49;5;7;0;
49;3;7;0;
49;3;8;0;
49;5;6;0;
49;7;6;0;
49;1;12;0;
49;0;13;0;
49;13;10;1-10;
49;11;6;4-10-81;
49;9;4;4-9-75;
49;0;19;1-10;
49;8;4;4-9;
49;9;4;4-9-75;
49;1;14;4-9;
49;0;11;4-10-71;
49;8;4;4-9;
49;9;4;4-9-75;
49;9;4;4-9-75;
49;7;4;4-9;
49;6;3;8-81;
50;2;18;0;
50;8;6;0;
50;1;9;0;
50;1;8;0;
50;0;9;0;
50;0;11;0;
50;0;6;1-10;
50;0;20;1-10;
50;14;12;1-10;
50;5;2;1-10;
50;0;4;1-10;
50;9;4;4-9;
50;9;7;4-10-75;
50;0;11;0;
50;0;7;4-10-71;
50;9;4;4-9;
50;9;7;4-10-75;
50;9;4;4-9;
50;9;7;4-10-75;
50;9;4;4-9;
50;9;7;4-10-75;
50;9;4;4-9;
50;9;7;4-10-75;
50;10;7;4-9-71;
50;11;6;4-10;
50;10;5;8-81;
50;21;0;4-71;
51;2;16;0;
51;11;13;0;
51;2;15;0;
51;1;16;0;
51;4;6;0;
51;2;8;0;
51;1;11;0;
51;2;7;0;
51;5;5;0;
51;6;5;0;
51;7;5;0;
51;5;4;0;
51;6;4;0;
51;1;4;4-10;
51;1;21;1-10;
51;1;3;1-10;
51;10;6;1-10;
51;12;9;1-10;
51;9;7;4-9-73;
51;9;7;4-9-73;
51;11;6;4-10-73;
51;9;7;4-9-73;
51;11;6;4-10-73;
51;10;7;4-9;
51;11;6;4-10-73;
51;21;0;4;
51;16;1;6-71;
51;6;3;8;
51;5;3;1-10-81;
52;0;17;0;
52;11;10;0;
52;6;6;0;
52;3;6;0;
52;12;11;0;
52;2;3;1-10;
52;14;13;1-10;
52;4;2;1-10;
52;3;3;1-10;
52;13;11;4-10;
52;14;11;4-10-71;
52;4;1;1-10;
52;0;3;1-10;
52;9;7;4-9;
52;11;6;4-9-74;
52;9;7;4-9;
52;11;6;4-9-74;
52;9;7;4-9;
52;11;6;4-9-74;
52;11;6;4-9-74;
52;11;6;4-9-74;
52;4;4;4-10-72;
52;11;6;4-9-74;
52;4;4;4-10-72;
52;16;1;6;
52;14;11;4-10-71;
52;10;5;8;
52;10;6;1-10-81;
53;10;14;0;
53;10;8;0;
53;11;8;0;
53;1;15;0;
53;3;5;0;
53;4;5;0;
53;1;7;0;
53;2;6;0;
53;0;7;0;
53;4;4;0;
53;1;6;0;
53;0;21;1-10;
53;11;6;4-9;
53;15;10;4-10-74;
53;0;7;0;
53;0;5;4-10-71;
53;11;6;4-9;
53;15;10;4-10-74;
53;11;6;4-9;
53;15;10;4-10-74;
53;11;6;4-9;
53;15;10;4-10-74;
53;4;4;0;
53;3;4;4-10-72;
53;4;4;0;
53;3;4;4-10-72;
53;5;3;1-10;
53;6;2;8-81;
54;1;18;0;
54;12;12;0;
54;0;15;0;
54;0;16;0;
54;11;9;0;
54;2;5;0;
54;3;4;0;
54;2;4;0;
54;13;14;1-10;
54;1;2;1-10;
54;3;2;1-10;
54;15;10;4-9-73;
54;5;1;1-10;
54;15;10;4-9-73;
54;15;10;4-9-73;
54;15;11;4-10-71;
54;3;4;0;
54;1;4;4-10-72;
54;3;4;0;
54;1;4;4-10-72;
54;10;6;1-10;
54;10;5;8-81;
55;2;20;0;
55;0;10;0;
55;1;5;0;
55;0;5;0;
55;2;2;1-10;
55;3;1;1-10;
55;15;11;4-10-74;
55;4;0;1-10;
55;15;10;4-9;
55;15;11;4-10-74;
55;0;5;0;
55;1;4;4-10-73;
55;15;10;4-9;
55;15;11;4-10-74;
55;15;10;4-9;
55;15;11;4-10-74;
55;14;11;4-9-71;
55;6;2;8;
55;5;1;1-10-81;
56;12;13;0;
56;0;12;0;
56;0;18;0;
56;0;14;0;
56;0;8;0;
56;9;5;1-10;
56;0;2;1-10;
56;12;14;1-10;
56;1;4;4-9-71;
56;15;11;4-9-72;
56;15;11;4-9-72;
56;13;11;4-10-73;
56;15;11;4-9-72;
56;13;11;4-10-73;
56;1;4;4-9-71;
56;0;3;1-10-72;
56;1;4;4-9-71;
56;0;3;1-10-72;
56;14;11;4-9;
56;13;11;4-10-73;
56;10;5;8;
56;10;6;1-10-81;
57;12;8;0;
57;1;19;0;
57;14;14;1-10;
57;5;0;1-10;
57;1;1;1-10;
57;15;11;4-9;
57;13;11;4-9-75;
57;1;4;4-9;
57;0;3;1-10-73;
57;15;11;4-9;
57;13;11;4-9-75;
57;13;11;4-9-75;
57;10;6;1-9-81;
57;5;1;1-10;
57;6;1;8-81;
58;12;10;0;
58;11;14;0;
58;1;20;0;
58;5;3;0;
58;13;12;0;
58;13;13;0;
58;13;11;4-9;
58;13;10;1-10-75;
58;0;3;1-9-71;
58;13;11;4-9;
58;13;10;1-10-75;
58;13;11;4-9;
58;13;10;1-10-75;
58;13;11;4-9;
58;13;10;1-10-75;
58;0;3;1-9-71;
58;0;2;1-10-72;
58;0;3;1-9-71;
58;0;2;1-10-72;
58;13;11;4-9;
58;13;10;1-10-75;
58;10;6;1-9;
58;10;5;8-81;
59;4;3;0;
59;2;1;1-10;
59;6;0;1-10-81;
59;0;1;1-10;
59;0;3;1-9;
59;0;2;1-10-73;
59;13;10;1-9-73;
59;13;10;1-9-73;
59;12;9;1-10-72;
59;13;10;1-9-73;
59;12;9;1-10-72;
59;6;1;8;
59;6;0;1-10-81;
60;0;19;0;
60;15;13;1-10;
60;13;10;1-9;
60;12;9;1-10-75;
60;0;2;1-9-71;
60;13;10;1-9;
60;12;9;1-10-75;
60;13;10;1-9;
60;12;9;1-10-75;
60;0;2;1-9-71;
60;0;1;1-10-72;
60;0;2;1-9-71;
60;0;1;1-10-72;
60;10;5;8;
60;9;5;1-10-81;
61;0;6;0;
61;0;20;0;
61;14;12;0;
61;5;2;0;
61;0;4;0;
61;1;0;1-10;
61;12;9;1-9-71;
61;0;2;1-9;
61;0;1;1-10-73;
61;12;9;1-9-71;
61;13;11;4-9-74;
61;12;9;1-9-71;
61;13;11;4-9-74;
61;12;9;1-9-71;
61;13;11;4-9-74;
61;12;9;1-9-71;
61;13;11;4-9-74;
61;6;0;1-10;
61;7;0;8-81;
62;1;21;0;
62;1;3;0;
62;2;0;1-10;
62;0;0;1-10-72-90;
62;12;9;1-9;
62;13;11;4-9-71;
62;0;1;1-9-71;
62;13;11;4-9-71;
62;14;12;0-74;
62;13;11;4-9-71;
62;14;12;0-74;
62;13;11;4-9-71;
62;14;12;0-74;
62;0;1;1-9-71;
62;0;0;1-10-72-90;
62;0;1;1-9-71;
62;0;0;1-10-72-90;
62;13;11;4-9-71;
62;14;12;0-74;
62;9;5;1-10;
62;10;4;8-81;
63;2;3;0;
63;14;13;0-74;
63;4;2;0;
63;3;3;0;
63;4;1;0;
63;3;0;1-10;
63;13;11;4-9;
63;14;12;0-71;
63;0;1;1-9;
63;0;0;1-10-73-90;
63;14;12;0-71;
63;14;13;0-74;
63;14;12;0-71;
63;14;13;0-74;
63;14;12;0-71;
63;14;13;0-74;
63;14;12;0-71;
63;14;13;0-74;
63;7;0;8;
63;6;0;1-10-81;
64;0;21;0;
64;14;12;0;
64;14;13;0-71;
64;0;0;1-9-71-90;
64;14;13;0-71;
64;15;13;1-10-74;
64;14;13;0-71;
64;15;13;1-10-74;
64;14;13;0-71;
64;15;13;1-10-74;
64;0;0;1-9-71-90;
64;1;0;1-10-72;
64;0;0;1-9-71-90;
64;1;0;1-10-72;
64;14;13;0-71;
64;15;13;1-10-74;
64;10;4;8;
64;9;5;1-10-81;
64;6;0;1-9-81;
65;13;14;0;
65;1;2;0;
65;3;2;0;
65;5;1;0;
65;16;13;1-10-71;
65;14;13;0;
65;15;13;1-9-74;
65;0;0;1-9-90;
65;1;0;1-10-73;
65;15;13;1-9-74;
65;15;13;1-9-74;
65;16;13;1-10-71;
65;9;5;1-9-81;
65;6;0;1-9;
65;7;0;8-81;
66;2;2;0;
66;3;1;0;
66;4;0;0;
66;15;13;1-9;
66;16;13;1-10-75;
66;1;0;1-9-71;
66;15;13;1-9;
66;16;13;1-10-75;
66;15;13;1-9;
66;16;13;1-10-75;
66;15;13;1-9;
66;16;13;1-10-75;
66;1;0;1-9-71;
66;2;0;1-10-72;
66;1;0;1-9-71;
66;2;0;1-10-72;
66;9;5;1-9;
66;10;4;8-81;
67;12;14;0;
67;1;0;1-9;
67;2;0;1-10-73;
67;16;13;1-9-72;
67;16;13;1-9-72;
67;16;14;1-73;
67;16;13;1-9-72;
67;16;14;1-73;
67;16;13;1-9-72;
67;16;14;1-73;
67;7;0;8;
67;5;0;1-10-81;
68;14;14;0;
68;5;0;0;
68;1;1;0;
68;16;13;1-9;
68;15;13;1-9-75;
68;2;0;1-9-71;
68;16;13;1-9;
68;15;13;1-9-75;
68;16;14;1;
68;15;13;1-9-75;
68;16;14;1;
68;15;13;1-9-75;
68;2;0;1-9-71;
68;3;0;1-10-72-82;
68;2;0;1-9-71;
68;3;0;1-10-72-82;
68;16;14;1;
68;15;13;1-9-75;
68;10;4;8;
68;3;0;1-10-72-82;
68;5;0;0;
68;3;0;1-10-72-82;
69;15;13;1-9;
69;14;13;0-75;
69;2;0;1-9;
69;3;0;1-9-73-81;
69;15;13;1-9;
69;14;13;0-75;
69;15;13;1-9;
69;14;13;0-75;
69;15;13;1-9;
69;14;13;0-75;
69;15;13;1-9;
69;14;13;0-75;
69;3;0;1-9-73-81;
69;3;0;1-9-73-81;
69;2;1;1-10-81;
70;2;1;0-81;
70;14;13;0-75;
70;3;0;1-9-73;
70;14;13;0-75;
70;14;13;0-75;
70;14;13;0-75;
70;3;0;1-9-73;
70;3;0;1-9-73;
70;14;13;0-75;
70;3;0;1-9-73;
70;7;0;8-81;
70;2;1;0-81;
------------------------;
Nombre de cases inflammables  : 426
Nombre de cases intactes : 219
Nombre de cases brulées : 207
Pourcentage de cases brûlées : 48,59
Nombre de pompiers déployés : 8
Nombre de canadairs déployés : 2
Nombre de pompiers morts : 0
