feu;
1;
1;
22;22;
----------------------------------;
1;1;1;1;1;1;1;8;8;8;2;2;2;2;2;4;4;4;4;4;4;4;
1;1;1;1;1;1;8;8;8;8;2;2;2;2;2;4;6;6;6;6;6;4;
1;1;1;1;1;1;8;8;8;8;8;2;2;2;2;4;6;6;6;6;6;4;
1;1;1;1;1;1;8;8;8;8;2;2;2;2;2;4;6;6;6;6;6;4;
1;4;4;4;4;4;4;4;4;4;8;2;2;2;2;4;6;6;6;6;6;4;
4;6;6;6;6;6;6;6;4;1;8;4;4;4;4;4;6;6;6;6;6;4;
1;4;6;6;6;6;6;6;6;4;1;4;2;2;2;4;6;6;6;6;6;4;
4;6;6;6;6;6;6;6;4;4;4;8;8;2;2;4;6;6;6;6;6;4;
1;4;6;6;6;6;6;6;6;4;1;1;1;8;2;4;6;6;6;6;6;4;
4;6;6;6;6;6;6;6;4;1;1;1;1;8;2;4;6;6;6;6;6;4;
1;4;6;6;6;6;6;6;6;4;1;1;1;1;8;4;6;6;6;6;6;4;
4;6;6;6;6;6;6;6;4;4;4;4;4;4;4;4;4;4;4;4;4;4;
1;4;6;6;6;6;6;6;6;4;1;1;1;1;1;8;8;8;2;2;2;2;
4;6;6;6;6;6;6;6;4;1;1;1;1;1;1;1;1;8;2;2;2;2;
1;4;4;4;4;4;4;4;4;4;1;1;1;1;1;1;1;1;8;8;8;8;
1;1;1;1;1;1;1;1;7;7;7;7;7;7;7;1;1;1;1;1;1;1;
1;1;1;1;1;1;1;1;7;1;1;1;1;1;1;7;1;1;1;1;1;1;
1;1;1;1;1;1;1;7;1;7;7;7;7;7;1;7;1;1;1;1;1;1;
1;1;1;1;1;1;1;7;1;7;1;1;1;1;7;1;7;1;1;1;1;1;
1;1;1;1;1;1;7;1;7;1;7;7;7;1;7;1;7;1;1;1;1;1;
1;1;1;1;1;1;7;1;7;1;7;1;1;7;1;7;1;7;1;1;1;1;
1;1;1;1;1;1;1;1;1;1;1;1;1;1;1;1;1;1;1;1;1;1;
0;0;0;1-90;
0;11;21;1-10;
1;11;21;1-10;
3;12;21;1-10;
4;12;20;1-10;
4;10;21;1-10;
5;11;20;1-10;
11;9;21;1-10;
12;11;21;0;
13;9;20;1-10;
14;12;21;0;
15;12;20;0;
15;10;21;0;
15;9;19;1-10;
15;21;0;4-71;
16;11;20;0;
16;21;0;4;
16;21;2;4-71;
17;8;21;1-10;
17;10;18;1-10;
17;21;2;4;
17;21;4;4-71;
18;21;4;4;
18;21;6;4-71;
19;21;6;4;
19;21;8;4-71;
20;7;21;1-10;
20;21;8;4;
20;12;11;4-71;
20;21;0;4-71;
21;12;11;4;
21;8;14;4-71;
21;21;0;4;
21;21;2;4-71;
22;9;21;0;
22;11;18;1-10;
22;6;21;1-10;
22;8;14;4;
22;7;15;1-71;
22;21;2;4;
22;21;4;4-71;
23;7;15;1;
23;7;16;1-71;
23;21;4;4;
23;21;6;4-71;
24;9;20;0;
24;7;16;1;
24;6;17;1-71;
24;21;6;4;
24;21;8;4-71;
25;7;20;1-10;
25;6;17;1;
25;6;18;1-71;
25;21;8;4;
25;12;11;4-71;
25;21;0;4-71;
26;9;19;0;
26;6;18;1;
26;5;19;1-71;
26;12;11;4;
26;8;14;4-71;
26;21;0;4;
26;21;2;4-71;
27;7;19;1-10;
27;5;19;1;
27;5;20;1-71;
27;8;14;4;
27;7;15;1-71;
27;21;2;4;
27;21;4;4-71;
28;8;21;0;
28;10;18;0;
28;5;20;1;
28;5;21;1-71;
28;7;15;1;
28;7;16;1-71;
28;21;4;4;
28;21;6;4-71;
29;5;21;1;
29;6;21;1-10-71;
29;7;16;1;
29;6;17;1-71;
29;21;6;4;
29;21;8;4-71;
30;6;17;1;
30;6;18;1-71;
30;21;8;4;
30;12;11;4-71;
30;21;0;4-71;
31;7;21;0;
31;8;18;1-10;
31;6;18;1;
31;5;19;1-71;
31;12;11;4;
31;8;14;4-71;
31;21;0;4;
31;21;2;4-71;
32;5;21;1-10;
32;6;21;1-9-71;
32;5;19;1;
32;5;20;1-71;
32;8;14;4;
32;7;15;1-71;
32;21;2;4;
32;21;4;4-71;
33;11;18;0;
33;8;17;1-10;
33;6;21;1-9;
33;7;20;1-10-71;
33;5;20;1;
33;5;21;1-10-71;
33;7;15;1;
33;7;16;1-71;
33;21;4;4;
33;21;6;4-71;
34;7;16;1;
34;6;17;1-71;
34;21;6;4;
34;21;8;4-71;
35;6;17;1;
35;6;18;1-71;
35;21;8;4;
35;12;11;4-71;
35;21;0;4-71;
36;7;20;0;
36;5;20;1-10;
36;7;20;0;
36;7;19;1-10-71;
36;5;21;1-9-71;
36;6;18;1;
36;5;19;1-71;
36;12;11;4;
36;8;14;4-71;
36;21;0;4;
36;21;2;4-71;
37;4;21;1-10;
37;5;21;1-9;
37;5;20;1-10-72;
37;5;19;1;
37;5;20;1-10-72;
37;8;14;4;
37;7;15;1-71;
37;21;2;4;
37;21;4;4-71;
38;7;19;0;
38;9;16;1-10;
38;7;19;0;
38;8;18;1-10-71;
38;7;15;1;
38;7;16;1-71;
38;21;4;4;
38;21;6;4-71;
39;5;20;1-9-71;
39;5;20;1-9-71;
39;4;21;1-10-71;
39;7;16;1;
39;6;17;1-71;
39;21;6;4;
39;21;8;4-71;
40;4;20;1-10;
40;5;20;1-9;
40;4;21;1-10-72;
40;6;17;1;
40;6;18;1-71;
40;21;8;4;
40;12;11;4-71;
40;21;0;4-71;
41;3;21;1-10;
41;8;18;1-9-71;
41;4;21;1-9-72;
41;6;18;1;
41;5;19;1-71;
41;12;11;4;
41;7;14;4-71;
41;21;0;4;
41;21;2;4-71;
42;3;19;1-10;
42;4;19;1-10-71;
42;8;18;1-9;
42;8;17;1-10-71;
42;4;21;1-9;
42;4;20;1-10-72;
42;4;21;1-9;
42;4;20;1-10-72;
42;5;19;1;
42;4;19;1-10-71;
42;7;14;4;
42;6;15;1-71;
42;21;2;4;
42;21;4;4-71;
43;6;15;1;
43;6;16;1-71;
43;21;4;4;
43;21;6;4-71;
44;8;17;0;
44;3;20;1-10;
44;3;18;1-10;
44;4;18;1-10;
44;5;18;1-10;
44;8;17;0;
44;9;16;1-10-71;
44;4;20;1-9-71;
44;4;20;1-9-71;
44;3;19;1-10-71;
44;6;16;1;
44;5;17;1-71;
44;21;6;4;
44;21;8;4-71;
45;2;21;1-10;
45;4;20;1-9;
45;3;19;1-10-72;
45;4;19;1-9-71;
45;21;8;4;
45;12;11;4-71;
45;21;0;4-71;
46;2;19;1-10;
46;2;17;1-10;
46;5;17;1-10-71;
46;3;19;1-9-72;
46;4;19;1-9;
46;4;18;1-10-71;
46;12;11;4;
46;7;14;4-71;
46;21;0;4;
46;21;2;4-71;
47;3;17;1-10;
47;4;17;1-10;
47;2;20;1-10;
47;9;16;1-9-71;
47;3;19;1-9;
47;3;18;1-10-72;
47;3;19;1-9;
47;3;18;1-10-72;
47;5;17;1-9-71;
47;7;14;4;
47;5;15;1-71;
47;21;2;4;
47;21;4;4-71;
48;2;18;1-10;
48;3;16;1-10;
48;5;16;1-10-72;
48;9;16;1-9;
48;8;17;0-71;
48;5;17;1-9;
48;5;16;1-10-72;
48;5;15;1;
48;5;16;1-10-72;
48;21;4;4;
48;21;6;4-71;
49;2;16;1-10;
49;1;17;1-10;
49;8;17;0;
49;8;18;1-9-71;
49;3;18;1-9-71;
49;3;18;1-9-71;
49;2;17;1-10-71;
49;4;18;1-9-71;
49;21;6;4;
49;21;8;4-71;
50;6;18;1-10;
50;1;21;1-10;
50;1;19;1-10;
50;2;15;1-10;
50;4;15;1-10-71;
50;5;15;1-10;
50;8;18;1-9;
50;7;19;0-71;
50;3;18;1-9;
50;2;17;1-10-72;
50;4;18;1-9;
50;3;17;1-10-71;
50;5;16;1-9-71;
50;5;16;1-9-71;
50;4;15;1-10-71;
50;21;8;4;
50;12;11;4-71;
50;21;0;4-71;
51;4;16;1-10;
51;1;20;1-10;
51;1;16;1-10;
51;7;19;0;
51;7;20;0-71;
51;2;17;1-9-72;
51;5;16;1-9;
51;4;15;1-10-72;
51;12;11;4;
51;6;14;4-10-71;
51;21;0;4;
51;21;2;4-71;
52;3;21;0;
52;1;15;1-10;
52;0;17;1-10;
52;6;17;1-10;
52;0;21;1-10;
52;4;14;4-10;
52;6;14;4-10-71;
52;7;20;0;
52;6;21;1-9-71;
52;2;17;1-9;
52;2;16;1-10-72;
52;2;17;1-9;
52;2;16;1-10-72;
52;4;15;1-9-72;
52;21;2;4;
52;21;4;4-71;
53;3;14;4-10;
53;5;14;4-10;
53;3;15;1-10;
53;0;15;1-10;
53;6;21;1-9;
53;5;21;1-9-71;
53;3;17;1-9-71;
53;4;15;1-9;
53;4;14;4-10-72;
53;4;15;1-9;
53;4;14;4-10-72;
53;21;4;4;
53;21;6;4-71;
54;5;19;1-10;
54;0;16;1-10;
54;1;14;4-10;
54;2;14;4-10;
54;6;16;1-10;
54;3;13;6-10;
54;4;13;6-10;
54;5;13;6-10;
54;5;21;1-9;
54;5;20;1-9-71;
54;2;16;1-9-71;
54;2;16;1-9-71;
54;1;15;1-10-71;
54;3;17;1-9;
54;3;16;1-10-71;
54;6;14;4-9-71;
54;21;6;4;
54;21;8;4-71;
55;3;20;0;
55;5;18;0;
55;1;18;1-10;
55;0;19;1-10;
55;0;20;1-10;
55;6;13;6-10;
55;0;14;1-10;
55;5;20;1-9;
55;5;19;1-10-71;
55;2;16;1-9;
55;1;15;1-10-72;
55;4;14;4-9-71;
55;4;14;4-9-71;
55;5;14;4-10-72;
55;6;14;4-9;
55;5;14;4-10-72;
55;21;8;4;
55;12;11;4-71;
56;2;21;0;
56;4;12;6-10;
56;2;13;6-10;
56;1;15;1-9-72;
56;4;14;4-9;
56;5;14;4-10-74;
56;12;11;4;
56;5;14;4-10-74;
57;2;19;0;
57;6;12;6-10;
57;0;18;1-10;
57;7;13;6-10;
57;1;15;1-9;
57;1;14;4-10-72;
57;1;15;1-9;
57;1;14;4-10-72;
57;3;16;1-9-71;
57;5;14;4-9-71;
57;5;14;4-9-71;
57;3;14;4-10-73;
57;5;14;4-9-71;
57;3;14;4-10-73;
57;5;14;4-9-71;
57;3;14;4-10-73;
58;4;17;0;
58;2;20;0;
58;7;16;1-10;
58;1;13;6-10;
58;3;12;6-10;
58;0;13;4-10;
58;2;12;6-10;
58;5;19;1-9-71;
58;3;16;1-9;
58;2;15;1-10-71;
58;5;14;4-9;
58;3;14;4-9-74;
58;3;14;4-9-74;
59;2;18;0;
59;6;15;1-10;
59;5;12;6-10;
59;7;12;6-10;
59;5;19;1-9;
59;6;18;1-10-71;
59;1;14;4-9-71;
59;1;14;4-9-71;
59;0;13;4-10-71;
59;3;14;4-9;
59;2;14;4-10-74;
59;3;14;4-9;
59;2;14;4-10-74;
59;3;14;4-9;
59;2;14;4-10-74;
59;3;14;4-9;
59;2;14;4-10-74;
60;1;17;0;
60;4;11;6-10;
60;5;11;6-10;
60;8;12;6-10;
60;1;12;4-10;
60;1;11;6-10;
60;1;14;4-9;
60;0;13;4-10-73;
60;2;14;4-9-73;
60;2;14;4-9-73;
60;0;13;4-10-73;
61;6;18;0;
61;1;21;0;
61;1;19;0;
61;2;15;0;
61;5;15;0;
61;3;11;6-10;
61;6;11;6-10;
61;0;12;1-10;
61;7;11;6-10;
61;6;18;0;
61;6;17;1-10-71;
61;0;13;4-9-72;
61;2;15;0;
61;1;13;6-10-74;
61;2;14;4-9;
61;1;13;6-10-74;
61;2;14;4-9;
61;1;13;6-10-74;
61;2;14;4-9;
61;1;13;6-10-74;
61;0;13;4-9-72;
61;1;12;4-10-71;
62;4;16;0;
62;1;20;0;
62;1;16;0;
62;2;11;6-10;
62;5;10;6-10;
62;6;10;6-10;
62;1;10;4-10;
62;0;13;4-9;
62;1;12;4-10-74;
62;0;13;4-9;
62;1;12;4-10-74;
62;1;13;6-9-73;
62;1;13;6-9-73;
62;1;12;4-10-74;
63;0;17;0;
63;6;17;0;
63;0;21;0;
63;3;13;0;
63;4;13;0;
63;5;13;0;
63;4;10;6-10;
63;8;11;4-10;
63;0;11;4-10-75;
63;6;17;0;
63;6;16;1-10-71;
63;1;12;4-9-72;
63;1;13;6-9;
63;0;11;4-10-75;
63;1;13;6-9;
63;0;11;4-10-75;
63;1;13;6-9;
63;0;11;4-10-75;
63;1;12;4-9-72;
63;0;11;4-10-75;
63;1;12;4-9-72;
63;0;11;4-10-75;
64;3;15;0;
64;0;15;0;
64;6;13;0;
64;7;10;6-10;
64;3;10;6-10;
64;4;9;6-10;
64;0;9;4-10;
64;1;9;6-10;
64;0;10;1-10;
64;1;12;4-9;
64;0;11;4-9-75;
64;1;12;4-9;
64;0;11;4-9-75;
64;0;11;4-9-75;
64;0;11;4-9-75;
64;1;10;4-10-72;
64;0;11;4-9-75;
64;1;10;4-10-72;
65;0;16;0;
65;6;16;0;
65;4;12;0;
65;2;13;0;
65;2;10;6-10;
65;3;9;6-10;
65;6;16;0;
65;6;15;1-10-71;
65;0;11;4-9;
65;1;10;4-10-77;
65;0;11;4-9;
65;1;10;4-10-77;
65;0;11;4-9;
65;1;10;4-10-77;
65;0;11;4-9;
65;1;10;4-10-77;
65;0;11;4-9;
65;1;10;4-10-77;
66;1;18;0;
66;0;19;0;
66;0;20;0;
66;0;14;0;
66;6;12;0;
66;7;13;0;
66;7;15;1-10;
66;7;14;4-10;
66;8;10;6-10;
66;6;9;6-10;
66;7;9;6-10;
66;4;8;6-10;
66;0;8;1-10;
66;1;8;4-10;
66;1;10;4-9-71;
66;1;10;4-9-71;
66;0;9;4-10-76;
66;1;10;4-9-71;
66;0;9;4-10-76;
66;1;10;4-9-71;
66;0;9;4-10-76;
66;1;10;4-9-71;
66;0;9;4-10-76;
66;1;10;4-9-71;
66;0;9;4-10-76;
66;1;10;4-9-71;
66;0;9;4-10-76;
67;3;12;0;
67;2;12;0;
67;9;10;4-10;
67;2;9;6-10;
67;1;10;4-9;
67;0;9;4-9-74;
67;0;9;4-9-74;
67;0;9;4-9-74;
67;1;8;4-10-73;
67;0;9;4-9-74;
67;1;8;4-10-73;
67;0;9;4-9-74;
67;1;8;4-10-73;
68;0;18;0;
68;5;12;0;
68;7;12;0;
68;5;9;6-10;
68;2;8;6-10;
68;3;8;6-10;
68;8;14;4-10;
68;8;9;4-10;
68;6;8;6-10;
68;7;8;6-10;
68;0;7;4-10;
68;6;15;1-9-71;
68;0;9;4-9;
68;1;8;4-9-77;
68;0;9;4-9;
68;1;8;4-9-77;
68;0;9;4-9;
68;1;8;4-9-77;
68;0;9;4-9;
68;1;8;4-9-77;
68;1;8;4-9-77;
69;7;16;0;
69;4;11;0;
69;5;11;0;
69;8;12;0;
69;1;11;0;
69;5;8;6-10;
69;3;7;6-10;
69;1;7;6-10;
69;9;11;4-10;
69;6;15;1-9;
69;7;14;4-10-71;
69;1;8;4-9;
69;0;7;4-10-77;
69;1;8;4-9;
69;0;7;4-10-77;
69;1;8;4-9;
69;0;7;4-10-77;
69;1;8;4-9;
69;0;7;4-10-77;
69;1;8;4-9;
69;0;7;4-10-77;
69;1;8;4-9;
69;0;7;4-10-77;
69;1;8;4-9;
69;0;7;4-10-77;
70;3;11;0;
70;6;11;0;
70;7;11;0;
70;8;11;0;
70;4;7;6-10;
70;8;8;6-10;
70;6;7;6-10;
70;0;7;4-9-73;
70;0;7;4-9-73;
70;1;6;4-10-74;
70;0;7;4-9-73;
70;1;6;4-10-74;
70;0;7;4-9-73;
70;1;6;4-10-74;
70;0;7;4-9-73;
70;1;6;4-10-74;
71;2;11;0;
71;5;10;0;
71;6;10;0;
71;7;7;6-10;
71;3;6;6-10;
71;1;6;4-9-76;
71;0;7;4-9;
71;1;6;4-9-76;
71;0;7;4-9;
71;1;6;4-9-76;
71;0;7;4-9;
71;1;6;4-9-76;
71;1;6;4-9-76;
71;1;6;4-9-76;
71;2;6;6-10-71;
72;0;12;0;
72;4;10;0;
72;9;9;1-10;
72;2;7;6-10;
72;2;6;6-10-77;
72;5;7;6-10;
72;7;14;4-9-71;
72;1;6;4-9;
72;2;6;6-10-77;
72;1;6;4-9;
72;2;6;6-10-77;
72;1;6;4-9;
72;2;6;6-10-77;
72;1;6;4-9;
72;2;6;6-10-77;
72;1;6;4-9;
72;2;6;6-10-77;
72;1;6;4-9;
72;2;6;6-10-77;
73;7;10;0;
73;3;10;0;
73;4;9;0;
73;1;9;0;
73;4;6;6-10;
73;7;6;6-10;
73;2;5;6-10;
73;3;5;6-10;
73;7;14;4-9;
73;8;14;4-10-71;
73;2;6;6-9-72;
73;2;6;6-9-72;
73;1;5;6-10-75;
73;2;6;6-9-72;
73;1;5;6-10-75;
73;2;6;6-9-72;
73;1;5;6-10-75;
73;2;6;6-9-72;
73;1;5;6-10-75;
73;2;6;6-9-72;
73;1;5;6-10-75;
74;2;10;0;
74;3;9;0;
74;9;10;0;
74;9;8;4-10;
74;6;6;6-10;
74;8;6;6-10;
74;8;7;4-10;
74;10;8;1-10;
74;1;5;6-9-75;
74;2;6;6-9;
74;1;5;6-9-75;
74;2;6;6-9;
74;1;5;6-9-75;
74;1;5;6-9-75;
74;1;5;6-9-75;
74;3;4;4-10-72;
74;1;5;6-9-75;
74;3;4;4-10-72;
75;0;10;0;
75;8;10;0;
75;6;9;0;
75;7;9;0;
75;4;8;0;
75;8;14;0;
75;8;9;0;
75;5;6;6-10;
75;3;4;4-10-77;
75;8;14;0;
75;9;11;4-10-71;
75;1;5;6-9;
75;3;4;4-10-77;
75;1;5;6-9;
75;3;4;4-10-77;
75;1;5;6-9;
75;3;4;4-10-77;
75;1;5;6-9;
75;3;4;4-10-77;
75;1;5;6-9;
75;3;4;4-10-77;
76;2;9;0;
76;9;11;0;
76;9;7;4-10;
76;5;5;6-10;
76;6;5;6-10;
76;7;5;6-10;
76;8;5;4-10;
76;9;11;0;
76;9;8;4-10-71;
76;3;4;4-9-71;
76;3;4;4-9-71;
76;2;4;4-10-76;
76;3;4;4-9-71;
76;2;4;4-10-76;
76;3;4;4-9-71;
76;2;4;4-10-76;
76;3;4;4-9-71;
76;2;4;4-10-76;
76;3;4;4-9-71;
76;2;4;4-10-76;
76;3;4;4-9-71;
76;2;4;4-10-76;
77;7;15;0;
77;0;8;0;
77;5;9;0;
77;2;8;0;
77;3;8;0;
77;6;8;0;
77;7;8;0;
77;4;5;6-10;
77;2;4;4-9-74;
77;9;6;4-10;
77;3;4;4-9;
77;2;4;4-9-74;
77;2;4;4-9-74;
77;2;4;4-9-74;
77;8;4;4-10-73;
77;2;4;4-9-74;
77;8;4;4-10-73;
77;2;4;4-9-74;
77;8;4;4-10-73;
78;5;8;0;
78;3;7;0;
78;1;7;0;
78;8;4;4-9-73;
78;2;4;4-9;
78;4;4;4-10-74;
78;2;4;4-9;
78;4;4;4-10-74;
78;2;4;4-9;
78;4;4;4-10-74;
78;2;4;4-9;
78;4;4;4-10-74;
78;8;4;4-9-73;
79;4;7;0;
79;8;8;0;
79;6;7;0;
79;5;4;4-10-71;
79;6;4;4-10;
79;9;5;1-10;
79;4;4;4-9-73;
79;9;8;4-9-71;
79;4;4;4-9-73;
79;4;4;4-9-73;
79;5;4;4-10-71;
79;8;4;4-9;
79;9;4;4-10-73;
79;8;4;4-9;
79;9;4;4-10-73;
79;8;4;4-9;
79;9;4;4-10-73;
80;7;7;0;
80;3;6;0;
80;10;7;4-10;
80;9;4;4-9-73;
80;9;8;4-9;
80;8;7;4-10-71;
80;4;4;4-9;
80;5;4;4-10-74;
80;4;4;4-9;
80;5;4;4-10-74;
80;4;4;4-9;
80;5;4;4-10-74;
80;9;4;4-9-73;
81;2;7;0;
81;5;7;0;
81;8;7;0;
81;5;3;1-10;
81;8;7;0;
81;9;6;4-10-71;
81;5;4;4-9-72;
81;5;4;4-9-72;
81;6;4;4-10-72;
81;5;4;4-9-72;
81;6;4;4-10-72;
81;9;4;4-9;
81;8;5;4-10-73;
81;9;4;4-9;
81;8;5;4-10-73;
81;9;4;4-9;
81;8;5;4-10-73;
82;4;6;0;
82;7;6;0;
82;2;5;0;
82;3;5;0;
82;10;6;1-10;
82;7;4;4-10;
82;5;4;4-9;
82;6;4;4-10-74;
82;5;4;4-9;
82;6;4;4-10-74;
82;8;5;4-9-73;
83;9;9;0;
83;6;6;0;
83;8;6;0;
83;9;7;0;
83;11;6;4-10;
83;6;4;4-9-71;
83;6;4;4-9-71;
83;7;4;4-10-73;
83;6;4;4-9-71;
83;7;4;4-10-73;
83;6;4;4-9-71;
83;7;4;4-10-73;
83;8;5;4-9;
83;9;6;4-10-74;
83;8;5;4-9;
83;9;6;4-10-74;
83;8;5;4-9;
83;9;6;4-10-74;
84;5;6;0;
84;9;6;0;
84;11;8;1-10;
84;4;3;1-10;
84;9;6;0;
84;10;7;4-10-74;
84;6;4;4-9;
84;7;4;4-9-74;
84;7;4;4-9-74;
84;9;6;0;
84;10;7;4-10-74;
84;9;6;0;
84;10;7;4-10-74;
84;9;6;0;
84;10;7;4-10-74;
85;10;8;0;
85;5;5;0;
85;6;5;0;
85;7;5;0;
85;11;5;4-10;
85;7;4;4-9;
85;10;7;4-9-77;
85;7;4;4-9;
85;10;7;4-9-77;
85;7;4;4-9;
85;10;7;4-9-77;
85;7;4;4-9;
85;10;7;4-9-77;
85;10;7;4-9-77;
85;10;7;4-9-77;
85;11;6;4-10-71;
86;4;5;0;
86;5;2;1-10;
86;10;9;1-10;
86;10;7;4-9;
86;11;6;4-10-78;
86;10;7;4-9;
86;11;6;4-10-78;
86;10;7;4-9;
86;11;6;4-10-78;
86;10;7;4-9;
86;11;6;4-10-78;
86;10;7;4-9;
86;11;6;4-10-78;
86;10;7;4-9;
86;11;6;4-10-78;
86;10;7;4-9;
86;11;6;4-10-78;
87;4;2;1-10;
87;11;6;4-9-72;
87;11;6;4-9-72;
87;11;5;4-10-76;
87;11;6;4-9-72;
87;11;5;4-10-76;
87;11;6;4-9-72;
87;11;5;4-10-76;
87;11;6;4-9-72;
87;11;5;4-10-76;
87;11;6;4-9-72;
87;11;5;4-10-76;
87;11;6;4-9-72;
87;11;5;4-10-76;
88;12;4;2-10;
88;4;1;1-10;
88;11;6;4-9;
88;11;5;4-9-75;
88;11;6;4-9;
88;11;5;4-9-75;
88;11;5;4-9-75;
88;11;5;4-9-75;
88;11;4;2-10-73;
88;11;5;4-9-75;
88;11;4;2-10-73;
88;11;5;4-9-75;
88;11;4;2-10-73;
89;11;4;2-9-78;
89;3;1;1-10;
89;11;5;4-9;
89;11;4;2-9-78;
89;11;5;4-9;
89;11;4;2-9-78;
89;11;5;4-9;
89;11;4;2-9-78;
89;11;5;4-9;
89;11;4;2-9-78;
89;11;5;4-9;
89;11;4;2-9-78;
89;11;4;2-9-78;
90;9;5;0;
90;3;2;1-10;
90;12;3;2-10;
90;11;4;2-9;
90;12;4;2-10-78;
90;11;4;2-9;
90;12;4;2-10-78;
90;11;4;2-9;
90;12;4;2-10-78;
90;11;4;2-9;
90;12;4;2-10-78;
90;11;4;2-9;
90;12;4;2-10-78;
90;11;4;2-9;
90;12;4;2-10-78;
90;11;4;2-9;
90;12;4;2-10-78;
90;11;4;2-9;
90;12;4;2-10-78;
91;3;3;1-10;
91;12;4;2-9-73;
91;12;4;2-9-73;
91;11;3;2-10-75;
91;12;4;2-9-73;
91;11;3;2-10-75;
91;12;4;2-9-73;
91;11;3;2-10-75;
91;12;4;2-9-73;
91;11;3;2-10-75;
91;12;4;2-9-73;
91;11;3;2-10-75;
92;5;3;0;
92;4;0;1-10;
92;2;1;1-10;
92;11;3;2-9-76;
92;12;4;2-9;
92;11;3;2-9-76;
92;12;4;2-9;
92;11;3;2-9-76;
92;12;4;2-9;
92;11;3;2-9-76;
92;11;3;2-9-76;
92;11;3;2-9-76;
92;12;3;2-10-72;
92;11;3;2-9-76;
92;12;3;2-10-72;
93;10;6;0;
93;3;0;1-10;
93;13;2;2-10;
93;11;3;2-9;
93;12;3;2-10-78;
93;11;3;2-9;
93;12;3;2-10-78;
93;11;3;2-9;
93;12;3;2-10-78;
93;11;3;2-9;
93;12;3;2-10-78;
93;11;3;2-9;
93;12;3;2-10-78;
93;11;3;2-9;
93;12;3;2-10-78;
94;5;1;1-10;
94;5;0;1-10;
94;2;2;1-10;
94;2;0;1-10;
94;1;1;1-10;
94;12;3;2-9-71;
94;12;3;2-9-71;
94;13;2;2-10-77;
94;12;3;2-9-71;
94;13;2;2-10-77;
94;12;3;2-9-71;
94;13;2;2-10-77;
94;12;3;2-9-71;
94;13;2;2-10-77;
94;12;3;2-9-71;
94;13;2;2-10-77;
94;12;3;2-9-71;
94;13;2;2-10-77;
94;12;3;2-9-71;
94;13;2;2-10-77;
95;11;8;0;
95;4;3;0;
95;2;3;1-10;
95;12;1;2-10-74;
95;12;3;2-9;
95;12;2;2-10-71;
95;13;2;2-9-73;
95;13;2;2-9-73;
95;12;1;2-10-74;
95;13;2;2-9-73;
95;12;1;2-10-74;
95;13;2;2-9-73;
95;12;1;2-10-74;
95;13;2;2-9-73;
95;12;1;2-10-74;
96;12;2;2-10-72;
96;1;0;1-10;
96;13;2;2-9;
96;12;1;2-9-76;
96;13;2;2-9;
96;12;1;2-9-76;
96;13;2;2-9;
96;12;1;2-9-76;
96;12;1;2-9-76;
96;12;1;2-9-76;
96;12;2;2-10-72;
97;5;2;0;
97;10;9;0;
97;6;0;1-10;
97;1;2;1-10;
97;1;3;1-10;
97;12;1;2-9;
97;12;2;2-9-78;
97;12;1;2-9;
97;12;2;2-9-78;
97;12;1;2-9;
97;12;2;2-9-78;
97;12;1;2-9;
97;12;2;2-9-78;
97;12;1;2-9;
97;12;2;2-9-78;
97;12;1;2-9;
97;12;2;2-9-78;
97;12;2;2-9-78;
98;4;2;0;
98;12;2;2-9;
98;12;4;2-9-78;
98;12;2;2-9;
98;12;4;2-9-78;
98;12;2;2-9;
98;12;4;2-9-78;
98;12;2;2-9;
98;12;4;2-9-78;
98;12;2;2-9;
98;12;4;2-9-78;
98;12;2;2-9;
98;12;4;2-9-78;
98;12;2;2-9;
98;12;4;2-9-78;
98;12;2;2-9;
98;12;4;2-9-78;
99;4;1;0;
99;0;1;1-10;
99;0;2;1-10;
99;12;4;2-9;
99;4;4;4-9-78;
99;12;4;2-9;
99;4;4;4-9-78;
99;12;4;2-9;
99;4;4;4-9-78;
99;12;4;2-9;
99;4;4;4-9-78;
99;12;4;2-9;
99;4;4;4-9-78;
99;12;4;2-9;
99;4;4;4-9-78;
99;12;4;2-9;
99;4;4;4-9-78;
99;12;4;2-9;
99;4;4;4-9-78;
100;3;1;0;
100;0;0;1-10-90;
100;4;4;4-9;
100;3;3;1-10-78;
100;4;4;4-9;
100;3;3;1-10-78;
100;4;4;4-9;
100;3;3;1-10-78;
100;4;4;4-9;
100;3;3;1-10-78;
100;4;4;4-9;
100;3;3;1-10-78;
100;4;4;4-9;
100;3;3;1-10-78;
100;4;4;4-9;
100;3;3;1-10-78;
100;4;4;4-9;
100;3;3;1-10-78;
101;3;2;0;
101;0;3;1-10;
101;3;3;1-9-73;
101;3;3;1-9-73;
101;2;3;1-10-75;
101;3;3;1-9-73;
101;2;3;1-10-75;
101;3;3;1-9-73;
101;2;3;1-10-75;
101;3;3;1-9-73;
101;2;3;1-10-75;
101;3;3;1-9-73;
101;2;3;1-10-75;
102;3;3;1-9;
102;2;3;1-9-76;
102;3;3;1-9;
102;2;3;1-9-76;
102;3;3;1-9;
102;2;3;1-9-76;
102;2;3;1-9-76;
102;2;3;1-9-76;
102;2;2;1-10-72;
102;2;3;1-9-76;
102;2;2;1-10-72;
103;4;0;0;
103;2;1;0;
103;2;3;1-9;
103;1;4;4-10-76;
103;2;3;1-9;
103;1;4;4-10-76;
103;2;3;1-9;
103;1;4;4-10-76;
103;2;3;1-9;
103;1;4;4-10-76;
103;2;3;1-9;
103;1;4;4-10-76;
103;2;3;1-9;
103;1;4;4-10-76;
104;3;0;0;
104;1;4;4-9-73;
104;1;4;4-9-73;
104;1;4;4-9-73;
104;0;3;1-10-73;
104;1;4;4-9-73;
104;0;3;1-10-73;
104;1;4;4-9-73;
104;0;3;1-10-73;
104;2;2;1-9-71;
104;2;2;1-9-71;
104;1;1;1-10-71;
105;5;1;0;
105;5;0;0;
105;2;0;0;
105;1;1;0;
105;0;4;1-10;
105;1;4;4-9;
105;0;3;1-9-76;
105;1;4;4-9;
105;0;3;1-9-76;
105;1;4;4-9;
105;0;3;1-9-76;
105;0;3;1-9-76;
105;2;2;1-9;
105;1;3;1-10-71;
105;1;1;0;
105;1;0;1-10-71;
106;0;3;1-9;
106;0;2;1-10-76;
106;0;3;1-9;
106;0;2;1-10-76;
106;0;3;1-9;
106;0;2;1-10-76;
106;0;3;1-9;
106;0;2;1-10-76;
106;0;3;1-9;
106;0;2;1-10-76;
106;0;3;1-9;
106;0;2;1-10-76;
107;1;0;0;
107;0;2;1-9-73;
107;0;2;1-9-73;
107;0;1;1-10-74;
107;0;2;1-9-73;
107;0;1;1-10-74;
107;0;2;1-9-73;
107;0;1;1-10-74;
107;1;0;0;
107;0;1;1-10-74;
108;6;0;0;
108;1;2;0;
108;1;3;0;
108;0;2;1-9;
108;0;1;1-9-76;
108;0;2;1-9;
108;0;1;1-9-76;
108;0;2;1-9;
108;0;1;1-9-76;
108;0;1;1-9-76;
108;1;3;0;
108;0;4;1-10-71;
108;0;1;1-9-76;
108;0;0;1-10-71-90;
109;0;1;1-9;
109;0;0;1-10-77-90;
109;0;1;1-9;
109;0;0;1-10-77-90;
109;0;1;1-9;
109;0;0;1-10-77-90;
109;0;1;1-9;
109;0;0;1-10-77-90;
109;0;1;1-9;
109;0;0;1-10-77-90;
109;0;1;1-9;
109;0;0;1-10-77-90;
110;0;0;1-9-72-90;
110;0;0;1-9-72-90;
110;0;1;1-9-75;
110;0;0;1-9-72-90;
110;0;1;1-9-75;
110;0;0;1-9-72-90;
110;0;1;1-9-75;
110;0;0;1-9-72-90;
110;0;1;1-9-75;
110;0;0;1-9-72-90;
110;0;1;1-9-75;
111;0;0;1-9-90;
111;0;1;1-9-73;
111;0;0;1-9-90;
111;0;1;1-9-73;
111;0;1;1-9-73;
111;1;2;0-74;
111;0;1;1-9-73;
111;1;2;0-74;
111;0;1;1-9-73;
111;1;2;0-74;
111;0;1;1-9-73;
111;1;2;0-74;
111;0;4;1-9-71;
111;0;1;1-9-73;
------------------------;
Nombre de cases inflammables  : 420
Nombre de cases intactes : 279
Nombre de cases brulées : 141
Pourcentage de cases brûlées : 33,57
Nombre de pompiers déployés : 8
Nombre de canadairs déployés : 0
Nombre de pompiers morts : 0
