feu;
1;
1;
22;22;
----------------------------------;
1;1;1;1;1;1;1;8;8;8;2;2;2;2;2;4;4;4;4;4;4;4;
1;1;1;1;1;1;8;8;8;8;2;2;2;2;2;4;6;6;6;6;6;4;
1;1;1;1;1;1;8;8;8;8;8;2;2;2;2;4;6;6;6;6;6;4;
1;1;1;1;1;1;8;8;8;8;2;2;2;2;2;4;6;6;6;6;6;4;
1;4;4;4;4;4;4;4;4;4;8;2;2;2;2;4;6;6;6;6;6;4;
4;6;6;6;6;6;6;6;4;1;8;4;4;4;4;4;6;6;6;6;6;4;
1;4;6;6;6;6;6;6;6;4;1;4;2;2;2;4;6;6;6;6;6;4;
4;6;6;6;6;6;6;6;4;4;4;8;8;2;2;4;6;6;6;6;6;4;
1;4;6;6;6;6;6;6;6;4;1;1;1;8;2;4;6;6;6;6;6;4;
4;6;6;6;6;6;6;6;4;1;1;1;1;8;2;4;6;6;6;6;6;4;
1;4;6;6;6;6;6;6;6;4;1;1;1;1;8;4;6;6;6;6;6;4;
4;6;6;6;6;6;6;6;4;4;4;4;4;4;4;4;4;4;4;4;4;4;
1;4;6;6;6;6;6;6;6;4;1;1;1;1;1;8;8;8;2;2;2;2;
4;6;6;6;6;6;6;6;4;1;1;1;1;1;1;1;1;8;2;2;2;2;
1;4;4;4;4;4;4;4;4;4;1;1;1;1;1;1;1;1;8;8;8;8;
1;1;1;1;1;1;1;1;7;7;7;7;7;7;7;1;1;1;1;1;1;1;
1;1;1;1;1;1;1;1;7;1;1;1;1;1;1;7;1;1;1;1;1;1;
1;1;1;1;1;1;1;7;1;7;7;7;7;7;1;7;1;1;1;1;1;1;
1;1;1;1;1;1;1;7;1;7;1;1;1;1;7;1;7;1;1;1;1;1;
1;1;1;1;1;1;7;1;7;1;7;7;7;1;7;1;7;1;1;1;1;1;
1;1;1;1;1;1;7;1;7;1;7;1;1;7;1;7;1;7;1;1;1;1;
1;1;1;1;1;1;1;1;1;1;1;1;1;1;1;1;1;1;1;1;1;1;
0;0;0;1-90;
0;11;21;1-10;
1;11;21;1-10;
3;11;20;1-10;
4;12;20;1-10;
5;10;21;1-10;
7;9;21;1-10;
9;9;20;1-10;
9;8;21;1-10;
12;11;21;0;
14;11;20;0;
15;12;20;0;
15;21;0;4-71;
16;10;21;0;
16;7;21;1-10;
16;21;0;4;
16;21;2;4-71;
17;21;2;4;
17;21;4;4-71;
18;9;21;0;
18;9;19;1-10;
18;21;4;4;
18;21;6;4-71;
19;21;6;4;
19;21;8;4-71;
20;9;20;0;
20;8;21;0;
20;7;20;1-10;
20;21;8;4;
20;12;11;4-71;
20;21;0;4-71;
21;10;18;1-10;
21;12;11;4;
21;8;14;4-71;
21;21;0;4;
21;21;2;4-71;
22;6;21;1-10;
22;8;14;4;
22;7;15;1-71;
22;21;2;4;
22;21;4;4-71;
23;7;19;1-10;
23;7;15;1;
23;7;16;1-71;
23;21;4;4;
23;21;6;4-71;
24;7;16;1;
24;6;17;1-71;
24;21;6;4;
24;21;8;4-71;
25;8;18;1-10;
25;6;17;1;
25;6;18;1-71;
25;21;8;4;
25;12;11;4-71;
25;21;0;4-71;
26;6;18;1;
26;5;19;1-71;
26;12;11;4;
26;8;14;4-71;
26;21;0;4;
26;21;2;4-71;
27;7;21;0;
27;5;21;1-10;
27;5;19;1;
27;5;20;1-71;
27;8;14;4;
27;7;15;1-71;
27;21;2;4;
27;21;4;4-71;
28;8;17;1-10;
28;7;15;1;
28;7;16;1-71;
28;21;4;4;
28;21;6;4-71;
29;9;19;0;
29;5;20;1-10-71;
29;7;16;1;
29;6;17;1-71;
29;21;6;4;
29;21;8;4-71;
30;11;18;1-10;
30;5;20;1-9-71;
30;6;17;1;
30;6;18;1-71;
30;21;8;4;
30;12;11;4-71;
30;21;0;4-71;
31;7;20;0;
31;4;21;1-10;
31;4;19;1-10-71;
31;5;20;1-9;
31;4;19;1-10-71;
31;6;18;1;
31;5;19;1-71;
31;12;11;4;
31;7;14;4-71;
31;21;0;4;
31;21;2;4-71;
32;10;18;0;
32;5;19;1;
32;4;19;1-10-72;
32;7;14;4;
32;6;15;1-71;
32;21;2;4;
32;21;4;4-71;
33;6;21;0;
33;4;19;1-9-72;
33;6;15;1;
33;6;16;1-71;
33;21;4;4;
33;21;6;4-71;
34;7;19;0;
34;9;16;1-10;
34;4;18;1-10-72;
34;3;19;1-10;
34;4;19;1-9;
34;4;18;1-10-72;
34;4;19;1-9;
34;4;18;1-10-72;
34;6;16;1;
34;5;17;1-71;
34;21;6;4;
34;21;8;4-71;
35;4;20;1-10;
35;3;21;1-10;
35;5;17;1;
35;5;18;1-71;
35;21;8;4;
35;12;11;4-71;
35;21;0;4-71;
36;8;18;0;
36;3;17;1-10-71;
36;3;18;1-10;
36;4;18;1-9-71;
36;4;18;1-9-71;
36;3;17;1-10-71;
36;5;18;1;
36;4;17;1-10-71;
36;12;11;4;
36;6;14;4-71;
36;21;0;4;
36;21;2;4-71;
37;4;17;1-10-71;
37;2;19;1-10;
37;3;20;1-10;
37;4;18;1-9;
37;3;17;1-10-72;
37;6;14;4;
37;3;15;1-71;
37;21;2;4;
37;21;4;4-71;
38;5;21;0;
38;3;16;1-10;
38;3;17;1-9-72;
38;3;15;1;
38;4;16;1-10-71;
38;21;4;4;
38;21;6;4-71;
39;8;17;0;
39;2;21;1-10;
39;4;16;1-10-71;
39;2;18;1-10;
39;1;19;1-10;
39;2;20;1-10;
39;3;17;1-9;
39;3;16;1-10-72;
39;3;17;1-9;
39;3;16;1-10-72;
39;4;17;1-9-71;
39;21;6;4;
39;21;8;4-71;
40;4;17;1-9;
40;4;16;1-10-72;
40;21;8;4;
40;12;11;4-71;
40;21;0;4-71;
41;11;18;0;
41;2;17;1-10;
41;2;16;1-10;
41;4;15;1-10;
41;1;18;1-10;
41;0;19;1-10;
41;1;20;1-10;
41;3;16;1-9-71;
41;3;16;1-9-71;
41;3;15;1-10-72;
41;4;16;1-9-71;
41;4;16;1-9-71;
41;3;15;1-10-72;
41;12;11;4;
41;5;14;4-71;
41;21;0;4;
41;21;2;4-71;
42;4;21;0;
42;12;18;1-10;
42;3;15;1-10-74;
42;3;16;1-9;
42;3;15;1-10-74;
42;4;16;1-9;
42;3;15;1-10-74;
42;21;2;4;
42;21;4;4-71;
43;1;17;1-10;
43;1;15;1-10;
43;1;16;1-10;
43;4;14;4-10-73;
43;5;14;4-10-71;
43;0;18;1-10;
43;3;15;1-9-71;
43;3;15;1-9-71;
43;4;14;4-10-73;
43;3;15;1-9-71;
43;4;14;4-10-73;
43;3;15;1-9-71;
43;4;14;4-10-73;
43;21;4;4;
43;21;6;4-71;
44;0;17;1-10;
44;13;18;1-10;
44;3;15;1-9;
44;4;14;4-9-74;
44;4;14;4-9-74;
44;5;14;4-9-71;
44;21;6;4;
44;21;8;4-71;
45;9;16;0;
45;3;19;0;
45;2;15;1-10;
45;0;20;1-10;
45;1;14;4-10-75;
45;0;15;1-10;
45;4;13;6-10;
45;4;14;4-9;
45;1;14;4-10-75;
45;4;14;4-9;
45;1;14;4-10-75;
45;4;14;4-9;
45;1;14;4-10-75;
45;4;14;4-9;
45;1;14;4-10-75;
45;5;14;4-9;
45;1;14;4-10-75;
45;21;8;4;
45;12;11;4-71;
45;21;0;4-71;
46;4;20;0;
46;3;21;0;
46;10;16;1-10;
46;0;16;1-10;
46;1;14;4-9-73;
46;1;14;4-9-73;
46;3;13;6-10-72;
46;1;14;4-9-73;
46;3;13;6-10-72;
46;12;11;4;
46;4;13;6-10-71;
46;21;0;4;
46;21;2;4-71;
47;3;18;0;
47;5;12;6-10;
47;3;13;6-10-72;
47;1;14;4-9;
47;2;14;4-10-73;
47;1;14;4-9;
47;2;14;4-10-73;
47;1;14;4-9;
47;2;14;4-10-73;
47;21;2;4;
47;21;4;4-71;
48;2;19;0;
48;3;20;0;
48;2;14;4-9-73;
48;2;14;4-9-73;
48;3;13;6-9-71;
48;3;13;6-9-71;
48;4;12;6-10-71;
48;21;4;4;
48;21;6;4-71;
49;4;12;6-10-71;
49;4;11;6-10;
49;2;14;4-9;
49;3;14;4-10-74;
49;2;14;4-9;
49;3;14;4-10-74;
49;2;14;4-9;
49;3;14;4-10-74;
49;3;13;6-9;
49;3;14;4-10-74;
49;4;13;6-9-71;
49;21;6;4;
49;21;8;4-71;
50;2;21;0;
50;2;18;0;
50;1;19;0;
50;2;20;0;
50;3;14;4-9-73;
50;5;13;6-10-71;
50;5;11;6-10;
50;3;14;4-9-73;
50;3;14;4-9-73;
50;5;13;6-10-71;
50;4;13;6-9;
50;4;12;6-10-72;
50;21;8;4;
50;12;11;4-71;
50;21;0;4-71;
51;0;14;1-10;
51;6;12;6-10;
51;3;11;6-10-71;
51;3;12;6-10;
51;5;10;6-10;
51;3;14;4-9;
51;5;13;6-10-75;
51;3;14;4-9;
51;5;13;6-10-75;
51;3;14;4-9;
51;5;13;6-10-75;
51;4;12;6-9-71;
51;4;12;6-9-71;
51;3;11;6-10-71;
51;12;11;4;
51;5;13;6-10-75;
51;21;0;4;
51;16;1;6-71;
52;2;17;0;
52;2;16;0;
52;4;15;0;
52;1;18;0;
52;0;19;0;
52;1;20;0;
52;6;10;6-10;
52;5;13;6-9-72;
52;5;13;6-9-72;
52;5;12;6-10-73;
52;5;13;6-9-72;
52;5;12;6-10-73;
52;4;12;6-9;
52;3;11;6-10-72;
52;5;13;6-9-72;
52;5;12;6-10-73;
52;16;1;6;
52;13;11;4-71;
53;12;18;0;
53;6;11;6-10;
53;3;10;6-10;
53;4;9;6-10;
53;5;9;6-10;
53;5;13;6-9;
53;5;12;6-9-75;
53;5;13;6-9;
53;5;12;6-9-75;
53;3;11;6-9-72;
53;5;12;6-9-75;
53;13;11;4;
53;7;11;6-71;
54;1;17;0;
54;1;15;0;
54;1;16;0;
54;0;18;0;
54;4;10;6-10;
54;2;11;6-10;
54;6;9;6-10;
54;5;12;6-9;
54;4;11;6-10-75;
54;5;12;6-9;
54;4;11;6-10-75;
54;5;12;6-9;
54;4;11;6-10-75;
54;5;12;6-9;
54;4;11;6-10-75;
54;3;11;6-9;
54;3;10;6-10-72;
54;3;11;6-9;
54;3;10;6-10-72;
54;5;12;6-9;
54;4;11;6-10-75;
54;7;11;6;
54;7;10;6-10-71;
55;0;17;0;
55;13;18;0;
55;0;13;4-10;
55;2;12;6-10;
55;7;10;6-10-71;
55;2;9;6-10;
55;3;9;6-10;
55;4;8;6-10;
55;5;8;6-10;
55;4;11;6-9-73;
55;4;11;6-9-73;
55;4;10;6-10-72;
55;4;11;6-9-73;
55;4;10;6-10-72;
56;2;15;0;
56;0;20;0;
56;0;15;0;
56;13;19;1-10;
56;11;16;1-10;
56;2;10;6-10;
56;6;8;6-10;
56;4;11;6-9;
56;4;10;6-10-75;
56;4;11;6-9;
56;4;10;6-10-75;
56;4;11;6-9;
56;4;10;6-10-75;
56;3;10;6-9-71;
56;3;10;6-9-71;
56;2;9;6-10-71;
57;10;16;0;
57;0;16;0;
57;7;11;6-10;
57;1;11;6-10;
57;7;8;6-10;
57;2;8;6-10;
57;3;8;6-10;
57;1;9;6-10;
57;3;7;6-10;
57;4;7;6-10;
57;4;10;6-9-71;
57;4;10;6-9-71;
57;3;9;6-10-74;
57;4;10;6-9-71;
57;3;9;6-10-74;
57;4;10;6-9-71;
57;3;9;6-10-74;
57;3;10;6-9;
57;2;9;6-10-72;
57;4;10;6-9-71;
57;3;9;6-10-74;
57;7;10;6-9-71;
58;1;12;4-10;
58;1;13;6-10;
58;5;7;6-10;
58;1;10;4-10;
58;6;7;6-10;
58;4;10;6-9;
58;3;9;6-9-74;
58;3;9;6-9-74;
58;2;9;6-9-72;
58;3;9;6-9-74;
58;3;8;6-10-71;
58;7;10;6-9;
58;6;9;6-10-71;
59;5;11;0;
59;0;12;1-10;
59;7;7;6-10;
59;1;7;6-10;
59;2;7;6-10;
59;1;8;4-10;
59;0;9;4-10;
59;3;6;6-10;
59;4;6;6-10;
59;3;9;6-9;
59;3;8;6-10-75;
59;3;9;6-9;
59;3;8;6-10-75;
59;3;9;6-9;
59;3;8;6-10-75;
59;3;9;6-9;
59;3;8;6-10-75;
59;2;9;6-9;
59;2;8;6-10-72;
59;2;9;6-9;
59;2;8;6-10-72;
60;6;12;0;
60;3;12;0;
60;5;10;0;
60;8;10;6-10;
60;8;11;4-10;
60;5;6;6-10;
60;0;10;1-10;
60;3;8;6-9-72;
60;3;8;6-9-72;
60;2;7;6-10-73;
60;3;8;6-9-72;
60;2;7;6-10-73;
60;3;8;6-9-72;
60;2;7;6-10-73;
61;6;10;0;
61;6;6;6-10;
61;0;11;4-10;
61;1;6;4-10;
61;0;7;4-10;
61;2;5;6-10;
61;3;5;6-10;
61;3;8;6-9;
61;2;7;6-9-75;
61;3;8;6-9;
61;2;7;6-9-75;
61;2;8;6-9-71;
61;2;8;6-9-71;
61;1;8;4-10-71;
61;2;7;6-9-75;
61;6;9;6-9-71;
62;0;14;0;
62;6;11;0;
62;4;9;0;
62;5;9;0;
62;0;13;0;
62;7;6;6-10;
62;2;6;6-10-75;
62;2;7;6-9;
62;2;6;6-10-75;
62;2;7;6-9;
62;2;6;6-10-75;
62;2;7;6-9;
62;2;6;6-10-75;
62;2;7;6-9;
62;2;6;6-10-75;
62;2;8;6-9;
62;1;8;4-10-72;
62;2;7;6-9;
62;2;6;6-10-75;
62;6;9;6-9;
62;6;8;6-10-71;
63;2;11;0;
63;0;8;1-10;
63;4;5;6-10;
63;7;9;6-10;
63;6;5;6-10;
63;2;4;4-10;
63;3;4;4-10;
63;1;5;6-10;
63;2;6;6-9-73;
63;2;6;6-9-73;
63;1;6;4-10-72;
63;1;8;4-9-72;
63;2;6;6-9-73;
63;1;6;4-10-72;
64;2;12;0;
64;4;8;0;
64;5;8;0;
64;8;8;6-10;
64;8;9;4-10;
64;5;5;6-10;
64;0;6;1-10;
64;4;4;4-10;
64;2;6;6-9;
64;1;6;4-10-75;
64;2;6;6-9;
64;1;6;4-10-75;
64;2;6;6-9;
64;1;6;4-10-75;
64;1;8;4-9;
64;0;7;4-10-72;
64;1;8;4-9;
64;0;7;4-10-72;
65;2;10;0;
65;6;8;0;
65;1;12;0;
65;1;10;0;
65;2;13;6-10;
65;8;12;6-10;
65;8;6;6-10;
65;0;5;4-10-74;
65;5;4;4-10;
65;6;4;4-10;
65;7;4;4-10;
65;1;3;1-10;
65;1;4;4-10;
65;1;6;4-9-71;
65;1;6;4-9-71;
65;0;5;4-10-74;
65;1;6;4-9-71;
65;0;5;4-10-74;
65;1;6;4-9-71;
65;0;5;4-10-74;
65;1;6;4-9-71;
65;0;5;4-10-74;
65;6;8;0;
65;5;7;6-10-71;
66;7;11;0;
66;1;11;0;
66;7;8;0;
66;1;9;0;
66;3;7;0;
66;4;7;0;
66;0;9;0;
66;9;10;4-10;
66;7;5;6-10;
66;8;7;4-10;
66;9;8;4-10;
66;1;6;4-9;
66;0;5;4-9-74;
66;0;5;4-9-74;
66;0;7;4-9-71;
66;0;7;4-9-71;
66;1;4;4-10-72;
66;0;5;4-9-74;
66;1;4;4-10-72;
67;13;19;0;
67;11;16;0;
67;1;13;0;
67;5;7;0;
67;6;7;0;
67;8;11;0;
67;7;12;6-10;
67;8;5;4-10;
67;0;4;1-10;
67;5;3;1-10;
67;2;2;1-10;
67;0;3;1-10;
67;0;5;4-9;
67;1;4;4-10-77;
67;0;5;4-9;
67;1;4;4-10-77;
67;0;5;4-9;
67;1;4;4-10-77;
67;0;5;4-9;
67;1;4;4-10-77;
67;0;7;4-9;
67;1;4;4-10-77;
67;5;7;0;
67;5;6;6-10-71;
68;7;7;0;
68;1;7;0;
68;3;6;0;
68;4;6;0;
68;0;11;0;
68;8;4;4-10;
68;1;4;4-9-71;
68;1;4;4-9-71;
68;2;4;4-10-76;
68;1;4;4-9-71;
68;2;4;4-10-76;
68;1;4;4-9-71;
68;2;4;4-10-76;
68;1;4;4-9-71;
68;2;4;4-10-76;
68;1;4;4-9-71;
68;2;4;4-10-76;
68;1;4;4-9-71;
68;2;4;4-10-76;
69;8;10;0;
69;5;6;0;
69;4;3;1-10;
69;1;2;1-10;
69;9;9;1-10;
69;5;2;1-10;
69;1;1;1-10;
69;2;1;1-10;
69;1;4;4-9;
69;2;4;4-9-74;
69;2;4;4-9-74;
69;2;4;4-9-74;
69;3;4;4-10-73;
69;2;4;4-9-74;
69;3;4;4-10-73;
69;2;4;4-9-74;
69;3;4;4-10-73;
69;5;6;0;
69;4;5;6-10-71;
70;0;12;0;
70;6;6;0;
70;2;5;0;
70;3;5;0;
70;3;4;0;
70;2;3;1-10;
70;9;4;4-10;
70;2;4;4-9;
70;4;4;4-10-77;
70;2;4;4-9;
70;4;4;4-10-77;
70;2;4;4-9;
70;4;4;4-10-77;
70;2;4;4-9;
70;4;4;4-10-77;
70;3;4;0;
70;4;4;4-10-77;
70;3;4;0;
70;4;4;4-10-77;
70;3;4;0;
70;4;4;4-10-77;
71;0;10;0;
71;7;6;0;
71;8;9;0;
71;4;4;0;
71;9;7;4-10;
71;0;2;1-10;
71;5;1;1-10;
71;4;2;1-10;
71;1;0;1-10;
71;4;4;0;
71;5;4;4-10-77;
71;4;4;0;
71;5;4;4-10-77;
71;4;4;0;
71;5;4;4-10-77;
71;4;4;0;
71;5;4;4-10-77;
71;4;4;0;
71;5;4;4-10-77;
71;4;4;0;
71;5;4;4-10-77;
71;4;4;0;
71;5;4;4-10-77;
72;4;5;0;
72;7;9;0;
72;6;5;0;
72;1;5;0;
72;5;4;0;
72;6;4;0;
72;7;4;0;
72;3;3;1-10;
72;9;12;4-10;
72;10;9;1-10;
72;4;1;1-10;
72;0;1;1-10;
72;2;0;1-10;
72;3;0;1-10;
72;5;4;0;
72;8;4;4-10-78;
72;5;4;0;
72;8;4;4-10-78;
72;5;4;0;
72;8;4;4-10-78;
72;5;4;0;
72;8;4;4-10-78;
72;5;4;0;
72;8;4;4-10-78;
72;5;4;0;
72;8;4;4-10-78;
72;5;4;0;
72;8;4;4-10-78;
72;4;5;0;
72;8;4;4-10-78;
73;8;8;0;
73;5;5;0;
73;9;10;0;
73;8;7;0;
73;9;8;0;
73;8;4;4-9-73;
73;8;4;4-9-73;
73;9;4;4-10-75;
73;8;4;4-9-73;
73;9;4;4-10-75;
73;8;4;4-9-73;
73;9;4;4-10-75;
73;8;4;4-9-73;
73;9;4;4-10-75;
73;8;4;4-9-73;
73;9;4;4-10-75;
74;0;8;0;
74;2;13;0;
74;8;12;0;
74;8;6;0;
74;8;5;0;
74;9;11;4-10;
74;10;8;1-10;
74;6;13;6-10;
74;3;2;1-10;
74;9;6;4-10-72;
74;3;1;1-10;
74;8;4;4-9;
74;9;4;4-9-76;
74;8;4;4-9;
74;9;4;4-9-76;
74;8;4;4-9;
74;9;4;4-9-76;
74;9;4;4-9-76;
74;9;4;4-9-76;
74;9;6;4-10-72;
74;9;4;4-9-76;
74;9;6;4-10-72;
75;0;6;0;
75;7;5;0;
75;11;8;1-10;
75;11;10;1-10;
75;4;0;1-10;
75;0;0;1-10-90;
75;9;4;4-9;
75;9;6;4-10-78;
75;9;4;4-9;
75;9;6;4-10-78;
75;9;4;4-9;
75;9;6;4-10-78;
75;9;4;4-9;
75;9;6;4-10-78;
75;9;4;4-9;
75;9;6;4-10-78;
75;9;4;4-9;
75;9;6;4-10-78;
76;1;3;0;
76;7;12;0;
76;5;0;1-10;
76;10;7;4-10;
76;9;6;4-9-71;
76;9;6;4-9-71;
76;9;7;4-10-77;
76;9;6;4-9-71;
76;9;7;4-10-77;
76;9;6;4-9-71;
76;9;7;4-10-77;
76;9;6;4-9-71;
76;9;7;4-10-77;
76;9;6;4-9-71;
76;9;7;4-10-77;
76;9;6;4-9-71;
76;9;7;4-10-77;
76;9;6;4-9-71;
76;9;7;4-10-77;
77;10;6;1-10;
77;11;9;1-10;
77;9;6;4-9;
77;9;7;4-9-74;
77;9;7;4-9-74;
77;9;7;4-9-74;
77;10;7;4-10-74;
77;9;7;4-9-74;
77;10;7;4-10-74;
77;9;7;4-9-74;
77;10;7;4-10-74;
77;9;7;4-9-74;
77;10;7;4-10-74;
78;0;4;0;
78;5;3;0;
78;2;2;0;
78;0;3;0;
78;9;7;4-9;
78;10;7;4-9-77;
78;9;7;4-9;
78;10;7;4-9-77;
78;9;7;4-9;
78;10;7;4-9-77;
78;9;7;4-9;
78;10;7;4-9-77;
78;10;7;4-9-77;
78;10;7;4-9-77;
78;10;6;1-10-71;
79;9;12;0;
79;6;0;1-10;
79;8;13;4-10;
79;10;7;4-9;
79;10;6;1-10-78;
79;10;7;4-9;
79;10;6;1-10-78;
79;10;7;4-9;
79;10;6;1-10-78;
79;10;7;4-9;
79;10;6;1-10-78;
79;10;7;4-9;
79;10;6;1-10-78;
79;10;7;4-9;
79;10;6;1-10-78;
79;10;7;4-9;
79;10;6;1-10-78;
80;4;3;0;
80;1;2;0;
80;9;9;0;
80;5;2;0;
80;1;1;0;
80;2;1;0;
80;10;10;1-10;
80;10;11;4-10;
80;7;13;6-10;
80;10;6;1-9-72;
80;10;6;1-9-72;
80;9;11;4-10-76;
80;10;6;1-9-72;
80;9;11;4-10-76;
80;10;6;1-9-72;
80;9;11;4-10-76;
80;10;6;1-9-72;
80;9;11;4-10-76;
80;10;6;1-9-72;
80;9;11;4-10-76;
80;10;6;1-9-72;
80;9;11;4-10-76;
81;2;3;0;
81;9;11;0;
81;12;8;1-10;
81;8;14;4-10;
81;10;6;1-9;
81;8;13;4-10-72;
81;10;6;1-9;
81;8;13;4-10-72;
81;9;11;0;
81;10;11;4-10-76;
81;9;11;0;
81;10;11;4-10-76;
81;9;11;0;
81;10;11;4-10-76;
81;9;11;0;
81;10;11;4-10-76;
81;9;11;0;
81;10;11;4-10-76;
81;9;11;0;
81;10;11;4-10-76;
82;0;2;0;
82;5;1;0;
82;4;2;0;
82;1;0;0;
82;6;14;4-10;
82;10;11;4-9-73;
82;10;11;4-9-73;
82;8;13;4-10-75;
82;10;11;4-9-73;
82;8;13;4-10-75;
82;10;11;4-9-73;
82;8;13;4-10-75;
83;3;3;0;
83;10;9;0;
83;4;1;0;
83;0;1;0;
83;2;0;0;
83;3;0;0;
83;6;13;0;
83;8;13;4-9-71;
83;8;13;4-9-71;
83;8;14;4-10-77;
83;10;11;4-9;
83;8;14;4-10-77;
83;10;11;4-9;
83;8;14;4-10-77;
83;10;11;4-9;
83;8;14;4-10-77;
83;8;13;4-9-71;
83;8;14;4-10-77;
83;8;13;4-9-71;
83;8;14;4-10-77;
83;8;13;4-9-71;
83;8;14;4-10-77;
84;8;13;4-9;
84;8;14;4-9-74;
84;8;14;4-9-74;
84;8;14;4-9-74;
84;6;14;4-10-74;
84;8;14;4-9-74;
84;6;14;4-10-74;
84;8;14;4-9-74;
84;6;14;4-10-74;
84;8;14;4-9-74;
84;6;14;4-10-74;
85;10;8;0;
85;3;2;0;
85;3;1;0;
85;8;14;4-9;
85;7;14;4-10-75;
85;8;14;4-9;
85;7;14;4-10-75;
85;8;14;4-9;
85;7;14;4-10-75;
85;8;14;4-9;
85;7;14;4-10-75;
85;6;14;4-9-73;
85;6;14;4-9-73;
85;7;14;4-10-75;
86;11;8;0;
86;11;10;0;
86;4;0;0;
86;0;0;0-90;
86;7;14;4-9-73;
86;7;14;4-9-73;
86;7;14;4-9-73;
86;7;13;6-10-75;
86;6;14;4-9;
86;7;13;6-10-75;
86;6;14;4-9;
86;7;13;6-10-75;
86;6;14;4-9;
86;7;13;6-10-75;
86;7;14;4-9-73;
86;7;13;6-10-75;
87;5;0;0;
87;7;14;4-9;
87;7;13;6-9-76;
87;7;14;4-9;
87;7;13;6-9-76;
87;7;14;4-9;
87;7;13;6-9-76;
87;7;13;6-9-76;
87;7;13;6-9-76;
87;10;10;1-10-72;
87;7;13;6-9-76;
87;10;10;1-10-72;
88;11;9;0;
88;7;13;6-9;
88;10;10;1-10-78;
88;7;13;6-9;
88;10;10;1-10-78;
88;7;13;6-9;
88;10;10;1-10-78;
88;7;13;6-9;
88;10;10;1-10-78;
88;7;13;6-9;
88;10;10;1-10-78;
88;7;13;6-9;
88;10;10;1-10-78;
89;10;10;1-9-71;
89;10;10;1-9-71;
89;10;9;0-77;
89;10;10;1-9-71;
89;10;9;0-77;
89;10;10;1-9-71;
89;10;9;0-77;
89;10;10;1-9-71;
89;10;9;0-77;
89;10;10;1-9-71;
89;10;9;0-77;
89;10;10;1-9-71;
89;10;9;0-77;
89;10;10;1-9-71;
89;10;9;0-77;
90;6;0;0;
90;10;10;1-9;
90;10;9;0-71;
90;10;9;0-71;
90;11;8;0-77;
90;10;9;0-71;
90;11;8;0-77;
90;10;9;0-71;
90;11;8;0-77;
90;10;9;0-71;
90;11;8;0-77;
90;10;9;0-71;
90;11;8;0-77;
90;10;9;0-71;
90;11;8;0-77;
90;10;9;0-71;
90;11;8;0-77;
91;12;9;1-10;
91;10;9;0;
91;11;8;0-71;
91;11;8;0-71;
91;12;8;1-10-77;
91;11;8;0-71;
91;12;8;1-10-77;
91;11;8;0-71;
91;12;8;1-10-77;
91;11;8;0-71;
91;12;8;1-10-77;
91;11;8;0-71;
91;12;8;1-10-77;
91;11;8;0-71;
91;12;8;1-10-77;
91;11;8;0-71;
91;12;8;1-10-77;
92;12;8;0-71;
92;11;8;0;
92;12;8;0-71;
92;12;8;0-71;
92;12;9;1-10-77;
92;12;8;0-71;
92;12;9;1-10-77;
92;12;8;0-71;
92;12;9;1-10-77;
92;12;8;0-71;
92;12;9;1-10-77;
92;12;8;0-71;
92;12;9;1-10-77;
92;12;8;0-71;
92;12;9;1-10-77;
92;12;8;0-71;
92;12;9;1-10-77;
93;12;10;1-10-74;
93;12;8;0;
93;12;9;1-9-74;
93;12;9;1-9-74;
93;12;9;1-9-74;
93;12;10;1-10-74;
93;12;9;1-9-74;
93;12;10;1-10-74;
93;12;9;1-9-74;
93;12;10;1-10-74;
93;12;9;1-9-74;
93;12;10;1-10-74;
94;12;9;1-9;
94;12;10;1-9-78;
94;12;9;1-9;
94;12;10;1-9-78;
94;12;9;1-9;
94;12;10;1-9-78;
94;12;9;1-9;
94;12;10;1-9-78;
94;12;10;1-9-78;
94;12;10;1-9-78;
------------------------;
Nombre de cases inflammables  : 420
Nombre de cases intactes : 270
Nombre de cases brulées : 150
Pourcentage de cases brûlées : 35,71
Nombre de pompiers déployés : 8
Nombre de canadairs déployés : 0
Nombre de pompiers morts : 0
